
# Data
size <- c(1077, 1288, 842, 1210, 820, 945, 1192)
rent <- c(1075, 1270, 760, 1175, 845, 885, 1035)